Total: 146858886.14
Minimum: -30000.0 
Maximum: 30000.0
Mean: 168.685431492
Median: 50.0
-28439.7747975
15.0
-28419.7747975
35.0
-28429.7747975
25.0
-28354.7747975
100.0
-27954.7747975
500.0
-28398.7747975
56.0
-28404.7747975
50.0
-28449.7747975
5.0
-28440.7747975
14.0
-28429.7747975
25.0
Standard Deviation: None
Candidates: 
Min-max normalized values: [2500, 50, 250, 35, 8, 100, 19]
Centroid: 0
Cluster contents: [-13.65089255716321, -0.5409562932238607, -88.4726466247223, 39.30158828358612, 4.066458182574449, 64.64143300482378, 38.68269424751338, 33.42013676314311, 31.18603331719732, -0.2027616409406292, 45.13590038987272, 30.791899783552395, 61.1727490302448, 18.167220741624856, 88.88077709786394, -1.3808002119514704, 50.14991362212521, 55.92029956281276, -6.759813255299466, 34.28290084421072]
Centroid: 0
Cluster contents: []
