6129.6882419
1012.39233389
4248.7438746
349.995887967
23443.9213808
11372.0613119
642.107730496
446.661491399
3669.32757472
198.831504747
0.0
2159.85240548
673.85611787
420.884653171
974.769339011
232.651447159
1119.26376826
169.489480878
4204.76957926
337.456252736
380.465802593
727.30968197
1145.7908993
159.382520912
12.0317685155
1849.47546338
2159.85240548
0.0
587.545802061
5000.40705255
4358.93527893
382.125123201
210.004134019
1022.89264389
76.0581685134
1425.29496048
5098.1379675
621.357023884
921.640474947
259.715145169
186.346867607
186.346867607
0.292633711178
0.292633711178
7827.40920078
7827.40920078
1544.61484161
1544.61484161
16.5360821506
16.5360821506
4178.51486092
4178.51486092
1496.35083425
1496.35083425
1116.90554127
1116.90554127
972.568674061
972.568674061
0.0411122830369
0.0411122830369
2037.249504
2037.249504
948.14109228
948.14109228
3742.10522392
3742.10522392
330.047909475
330.047909475
7899.79253752
7899.79253752
1.90660922533
1.90660922533
2515.01383631
2515.01383631
3127.07990319
3127.07990319
45.6950752465
45.6950752465
1175.31729029
1175.31729029
Centroid: 0
Cluster contents: [-13.65089255716321, -0.5409562932238607, -88.4726466247223, 39.30158828358612, 4.066458182574449, 64.64143300482378, 38.68269424751338, 33.42013676314311, 31.18603331719732, -0.2027616409406292, 45.13590038987272, 30.791899783552395, 61.1727490302448, 18.167220741624856, 88.88077709786394, -1.3808002119514704, 50.14991362212521, 55.92029956281276, -6.759813255299466, 34.28290084421072]
Centroid: 0
Cluster contents: []
